201301060500.00
201301130500.00
201301200500.00
201301270500.00
201302030500.00
201302100500.00
201302170500.00
201302240500.00
201303030500.00
201303100500.00
201303170400.00
201303240400.00
201303310400.00
201306060400.00
201306061940.00
201306061941.00
201306061942.00
201306061943.00
201306061944.01
201306061945.04
201306061946.00
201306062050.00
201306062051.01
201306090400.01
201306160400.00
201306230400.01
201306300400.00
201307070400.01
201307140400.01
201307210400.02
201307280400.01
201308040400.00
201308110400.01
201308180400.00
201308250400.00
201309010400.00
201309080400.00
201309150400.00
201309220400.00
201309290400.00
201310060400.01
201310130400.01
201310200400.01
201310270400.00
201311030400.01
201311100500.00
201311170500.01
201311240500.01
201312010500.00
201312080500.00
201312150500.00
201312220500.00
201312290500.01
201401050500.00
201401120500.00
201401190500.01
201401260500.00
201402020500.00
201402090500.00
201402160500.00
201402230500.01
201403020500.00
201403090500.00
201403160400.00
201403230400.00
201403300400.01
201404060400.01
201404130400.01
201404200400.01
201404270400.01
201405040400.00
201405110400.01
201405180400.01
201405250400.00
201406010400.00
201406080400.01
201406150400.00
201406220400.00
201406290400.00
201407060400.01
201407130400.01
201407200400.00
201407270400.00
201408030400.00
201408100400.00
201408170400.00
201408240400.01
201408310400.00
201409070400.00
201409140400.00
201409210400.00
201409280400.00
201410050400.00
201410120400.00
201410190400.01
201410260400.00
201411020400.00
201411090500.00
201411160500.00
201411230500.00
201411300500.00
201412070500.01
201412140500.01
201412210500.01
201412280500.00
201501040500.01
201501110500.00
201501180500.00
201501250500.00
201502010500.00
201502080500.00
201502150500.01
201502220500.00
201503010500.00
201503080500.01
201503150400.01
201503220400.00
201503290400.00
201504050400.00
201504120400.00
201504190400.00
201504260400.00
201505030400.00
201505100400.00
201505170400.01
201505240400.00
201505310400.00
201506070400.00
201506140400.00
201506210400.01
201506280400.00
201507050400.00
201507120400.00
201507190400.00
201507260400.00
201508020400.00
201508090400.01
201508160400.00
201508230400.00
201508300400.01
201509060400.00
201509130400.00
201509200400.00
201509270400.00
201510040400.01
201510110400.00
201510180400.00
201510250400.00
201511010400.00
201511080500.00
201511150500.01
201511220500.00
201511290500.01
201512060500.00
201512130500.00
201512200500.01
201512270500.00
201601030500.00
201601100500.00
201601170500.00
201601240500.00
201601310500.00
201602070500.00
201602140500.00
201602210500.00
201602280500.00
201603060500.01
201603130500.00
201603200400.00
201603270400.00
201604030400.00
201604100400.00
201604170400.00
201604240400.01
201605010400.01
201605080400.00
201605150400.00
201605220400.00
201605290400.00
201606050400.00
201606120400.01
201606190400.00
201606260400.00
201607030400.00
201607100400.00
201607170400.01
201607240400.00
201607310400.00
201608070400.00
201608140400.00
201608210400.00
201608280400.00
201609040400.00
201701231448.06
201701231449.32
201704201328.16
201704201330.00
201704201338.28
201704241914.23
201704251306.47
201704251307.28
201704251331.03
201704251338.06
201704251342.04
201704300400.05
201705070400.10
201705140400.07
201705210400.05
201705280400.08
201706040400.06
201706110400.04
201706180400.07
201706250400.05
201707020400.08
201707090400.05
201707160400.06
201707230400.05
201707300400.07
201708060400.06
201708130400.07
201708200400.05
201708270400.06
201709030400.05
201709100400.05
201709170400.06
201709240400.07
201710010400.07
201710080400.05
201710150400.05
201710220400.05
201710290400.05
201711050400.06
201711120500.05
201711190500.05
201711260500.07
201712030500.06
201712100500.05
201712170500.06
201712240500.05
201712310500.07
201801070500.05
201801140500.07
201801210500.06
201801280500.07
201802040500.04
201802110500.03
201802180500.04
201802250500.03
201803040500.03
201803110500.03
201803180400.04
201803250400.05
201804010400.04
201804080400.03
201804150400.04
201804220400.04
201804290400.03
201805060400.04
201805130400.03
201805200400.04
201805270400.04
201806030400.04
201806100400.04
201806170400.04
201806240400.04
201807010400.05
201807080400.04
201807150400.04
201807220400.04
201807290400.03
201808050400.04
201808120400.03
201808190400.03
201808260400.04
201809020400.04
201809090400.03
201809160400.04
201809230400.03
201809300400.04
201810070400.04
201810140400.04
201810210400.04
201810280400.04
201811040400.04
201811110500.04
201811180500.05
201811250500.03
201812020500.04
201812090500.05
201812160500.04
201812230500.04
201812300500.04
201901060500.04
201901130500.04
201901200500.02
201901270500.03
201902030500.06
201902100500.02
201902170500.04
201902240500.04
201903030500.03
201903100500.03
201903170400.03
201903240400.02
201903310400.02
201904070400.03
201904140400.03
201904210400.03
201904280400.04
201905050400.03
201905120400.03
201905190400.02
201905260400.02
201906020400.02
201906090400.04
201906160400.05
201906230400.06
201906300400.06
201907070400.03
201907140400.03
201907210400.03
201907280400.04
201908040400.02
201908110400.04
201908180400.03
201908250400.02
201909010400.03
201909080400.03
201909150400.02
201909220400.05
201909290400.02
201910060400.02
201910130400.02
201910200400.03
201910270400.02
201911030400.02
201911100500.03
201911170500.03
201911240500.04
201912010500.03
201912080500.03
201912150500.02
201912220500.02
201912290500.02
202001050500.02
202001120500.02
202001190500.03
202001260500.02
202002020500.03
202002090500.02
202002160500.03
202002230500.02
202003010500.02
202003080500.03
202003150400.03
202003220400.02
202003290400.02
202004050400.04
202004120400.04
202004190400.03
202004260400.02
202005030400.02
202005100400.04
202005170400.04
202005240400.04
202005310400.03
202006070400.02
202006140400.03
202006210400.03
202006280400.02
202007050400.03
202007120400.02
202007190400.02
202007260400.02
202008020400.02
202008090400.03
202008160400.03
202008230400.02
202008300400.02
202009060400.03
202009130400.02
202009200400.02
202009270400.02
202010040400.02
202010110400.02
202010180400.03
202010250400.02
202011010400.02
202011080500.02
202011150500.04
202011220500.02
202011290500.03
202012060500.02
202012130500.02
202012200500.03
202012270500.02
202101030500.03
202101100500.02
202101170500.03
202101240500.03
202101310500.02
202102070500.02
202102140500.02
202102210500.02
202102280500.02
202103070500.02
202103140500.03
202103210400.02
202103280400.03
202104040400.03
202104110400.02
202104180400.03
202104250400.02
202105020400.02
202105090400.02
202105160400.04
202105230400.03
202105300400.02
202106060400.04
202106130400.03
202106200400.03
202106270400.03
202107040400.03
202107110400.03
202107180400.02
202107250400.02
202108010400.04
202108080400.02
202108150400.02
202108220400.04
202108290400.03
202109050400.03
202109120400.02
202109190400.02
202109260400.02
202110181904.02
202110181905.02
202110181906.02
202110240400.02
202110310400.02
202111070400.02
202111140500.03
202111210500.02
202111280500.03
202112050500.03
202112120500.03
202112190500.02
202112260500.02
202201020500.03
202201090500.03
202201160500.03
202201230500.02
202201300500.02
202202060500.04
202202130500.03
202202200500.03
202202270500.02
202203060500.02
202203130500.02
202203200400.02
202203270400.03
202204030400.02
202204100400.02
202204170400.02
202204240400.03
202205010400.02
202205080400.02
202205150400.02
202205220400.04
202205290400.02
202206050400.02
202206120400.03
202206190400.03
202206260400.02
202207030400.02
202207100400.02
202207170400.02
202207240400.03
202207310400.03
202208070400.03
202208140400.03
202208210400.02
202208280400.02
202209040400.03
202209110400.02
202209180400.03
202209250400.02
202210020400.02
202210090400.02
202210160400.04
202210230400.03
202210300400.02
202211060400.03
202211130500.03
202211200500.02
202211270500.02
202212040500.03
202212110500.03
202212180500.03
202212250500.03
202301010500.03
202301080500.02
